-3000 28800
7600 23200
7600 16200
-3200 20200
-7200 20000
-7000 27800
-8200 27800
-7200 26200
-7600 27400
-5400 18200
3400 16000
2800 14800
2200 9800
2600 9400
-7000 11200
-8600 11000
-12000 5800
-4000 600
-14400 0
-14200 2800
-21600 15200
-19600 15200
-21400 24000
-17200 25400
-15200 24000
-9400 12200
-12000 7000
-12200 8200
-1600 16200
400 16200
600 22200
-1400 22200
-19600 32400
-20400 23000
-28000 20200
-27400 29400
-16300 800
-23900 11600
-17900 11600
-22800 20200
-7600 -800
-21800 17600
-22800 17600
-3200 31600
-3200 21600
-10200 20800
-9800 29800
-9800 11800
-12200 7400
-10800 29200
-22600 25800
-23200 18800
-20800 18800
-21000 12400
-16400 0
